36.4724   30.5996   24.7268   18.854   12.9812   7.10843   1.23564   -4.63715   -10.5099   -16.3827   -22.2555   -28.1283   -34.0011   -39.8739   -45.7467   -51.6195   -57.4923   -63.3651   
33.6425   27.4454   21.2483   15.0512   8.85404   2.65691   -3.54022   -9.73734   -15.9345   -22.1316   -28.3287   -34.5259   -40.723   -46.9201   -53.1172   -59.3144   -65.5115   -71.7086   
31.8357   25.4315   19.0273   12.6231   6.21889   -0.185324   -6.58953   -12.9937   -19.398   -25.8022   -32.2064   -38.6106   -45.0148   -51.419   -57.8232   -64.2274   -70.6316   -77.0358   
30.4808   23.9213   17.3618   10.8023   4.24278   -2.31672   -8.87622   -15.4357   -21.9952   -28.5547   -35.1142   -41.6737   -48.2332   -54.7927   -61.3522   -67.9117   -74.4712   -81.0307   
29.386   22.701   16.0161   9.33109   2.64612   -4.03886   -10.7238   -17.4088   -24.0938   -30.7788   -37.4637   -44.1487   -50.8337   -57.5187   -64.2036   -70.8886   -77.5736   -84.2585   
28.462   21.6712   14.8803   8.08943   1.29856   -5.49231   -12.2832   -19.0741   -25.8649   -32.6558   -39.4467   -46.2375   -53.0284   -59.8193   -66.6102   -73.401   -80.1919   -86.9828   
27.6595   20.7767   13.8938   7.01099   0.128143   -6.75471   -13.6376   -20.5204   -27.4032   -34.2861   -41.1689   -48.0518   -54.9346   -61.8175   -68.7003   -75.5832   -82.466   -89.3489   
26.9482   19.9838   13.0194   6.05506   -0.909315   -7.87369   -14.8381   -21.8024   -28.7668   -35.7312   -42.6956   -49.6599   -56.6243   -63.5887   -70.5531   -77.5175   -84.4818   -91.4462   
26.308   19.2702   12.2325   5.19475   -1.843   -8.88075   -15.9185   -22.9562   -29.994   -37.0317   -44.0695   -51.1072   -58.145   -65.1827   -72.2205   -79.2582   -86.296   -93.3337   
25.725   18.6204   11.5159   4.41132   -2.69325   -9.79782   -16.9024   -24.0069   -31.1115   -38.2161   -45.3206   -52.4252   -59.5298   -66.6343   -73.7389   -80.8435   -87.948   -95.0526   
25.1891   18.0231   10.8571   3.69115   -3.47484   -10.6408   -17.8068   -24.9728   -32.1388   -39.3048   -46.4708   -53.6367   -60.8027   -67.9687   -75.1347   -82.3007   -89.4667   -96.6327   
24.6927   17.4698   10.2469   3.02403   -4.19886   -11.4217   -18.6446   -25.8675   -33.0904   -40.3133   -47.5362   -54.759   -61.9819   -69.2048   -76.4277   -83.6506   -90.8735   -98.0963   
